0,482
0,481
0,480
0,479
32,1
32,3
0,273
44,35
24,2
24,6
24,5
24,4
24,1
24,3
10,208
10,188
10,252
10,160
10,130
10,194
10,222
11,6
11,9
11,20
11,8
8,11
8,4
42,5
42,4
42,3
42,2
42,1
42,0
40,4
40,3
40,2
40,1
40,0
39,5
39,4
39,3
39,2
39,1
39,0
38,6
38,5
38,4
38,3
38,2
38,1
38,0
36,6
36,5
36,4
36,3
36,1
20,3
20,2
20,1
19,3
19,2
19,1
18,3
18,1
14,3
14,1
13,3
13,1
12,3
12,2
12,1
11,28
11,27
11,21
11,16
11,15
11,14
11,13
11,3
11,2
11,1
10,294
10,232
10,206
10,174
10,170
10,116
10,24
10,8
10,3
10,2
10,1
9,7
9,6
9,4
9,3
9,2
9,1
8,16
